t0 <- 0
T <- 25
ts <- 
c(1.15601851851852, 2.03449074074074, 4.96157407407407, 6.01712962962963,
7.03796296296296, 8.01365740740741, 9.02060185185185, 12.0219907407407,
13.0574074074074, 13.9740740740741, 14.9525462962963, 15.9525462962963,
19.0032407407407, 19.9685185185185, 20.9518518518519, 21.9650462962963,
22.9219907407407, 26.012962962963, 27.050462962963, 27.9310185185185,
28.9386574074074, 29.9386574074074, 39.9636574074074, 40.9372685185185,
41.9726851851852)
eCO2 <- 
c(0.0277780268338887, 0.719282564617987, 2.06157264777962,
1.83912852534761, 2.79084379741546, 2.67025926226335, 3.25393027352365,
3.87829730899174, 4.16129834125508, 4.83147131226128, 4.61616507571551,
5.13749850718396, 5.95377256441306, 5.91393741365973, 5.94829695445491,
5.81102598536745, 5.75313320451491, 6.02526731239607, 6.68894423430123,
6.57366504262456, 6.27822369172602, 6.80503239142778, 8.22979270757457,
7.75007806202788, 7.63721799990632)
totalC_t0 <- 7.7
